"x"
0.0210001912626295
0.0060107365532212
0.00184296547630784
-0.0101461931111342
-0.00544665464304807
0.00255188798916874
0.00497320389752898
-0.00319340225675666
-0.0050595660330471
-0.01297870272507
-0.000183262375623478
0.00110404788458646
-0.00166881814361743
0.000708439881666582
-0.00704108419467111
-0.00198087009145359
0.00101432839824072
-0.00438527061366588
-0.0129980082098583
-0.00588898122449343
-0.00839150278297605
0.000636457839793131
0.00310101819138255
0.00880112736378735
-0.00702228408995774
0.0137441963595503
0.00304128643171781
-0.00675020673232374
-0.0068969660943428
0.00662724587371156
-0.00914508043285112
0.00257131279513708
0.0115774553837152
-0.00635443579483005
-8.41887142752974e-05
0.0165166251399556
0.00449521202126117
-0.0171135494576503
-0.00870886801961313
-0.0179748571368007
0.00766658640744675
-0.00493430915536004
0.00589767730776635
-0.00689395502162649
-0.00205320328897991
-0.00497163150091894
-0.00530995311496908
0.00753628764345969
-0.000396217423447913
0.0105734733419716
-0.0100139351765863
0.00271853279652615
0.00157298411447968
0.000846765581044684
0.00435178080263665
-0.00152629856453229
-0.010237612037586
0.00541974542511935
0.00600741031989775
-0.000393037226536337
-0.00679943684300116
-0.00830697769441593
-0.00144380823031482
-0.000293525118640322
0.00106661959393167
-0.00280641843432104
0.0139704906101021
-0.00505880774083736
-0.00644201929204492
0.00263065058499319
0.000332825470250098
-0.00196212353847548
-0.00416518637317199
0.000230326149144485
0.00336896178974578
-0.00805486541767605
-0.0038820622527835
-0.00910904160192575
-0.00800799074702679
-0.011871294634563
-0.00335287761281671
-0.008633122849217
0.00332222082102802
-0.0226044149491328
0.00372320670260342
0.00404274815640775
-0.00365243514079323
0.00281598063584102
0.0141820195116657
-0.00316348291033659
-0.00560662377855332
0.0129001486346099
-0.00908930118168832
-0.0159848962150166
0.00215495239144057
-0.00760513116458474
0.0139020532604647
0.0121737086812267
-0.00151205429818432
-0.013027563173275
0.0177931357792015
0.0128472601619954
0.0103342504022838
-0.00608570710297308
0.00281389735855562
0.00259175615252513
0.00821903122738794
0.00541323500498606
0.0071641228665173
0.0117773591591911
-0.0186670389336754
0.00380707138853057
0.00577663392270757
0.00543120067672446
-0.0117753448422839
0.00421148555332455
0.0077263170159627
-0.0107214774606969
-0.00723910139232106
-0.00697163315926842
0.0007660610978142
-0.00926248153463208
0.00781845813741216
0.00140390679842656
0.0093244117968981
0.00537227812899867
-0.00669873327817693
-0.00071643320319701
0.00517234147176027
0.000439947782864686
-0.00628657390660022
0.0041250145960433
0.000335758798458021
-0.00302753153087226
-0.0160013329131421
-0.000619148337582608
0.000771609369620764
2.27345683713396e-05
-0.0148402322131539
0.000349744900691819
0.0153065256739743
-0.00340058651184382
0.00823941072382934
-0.00221184909139203
-0.000190690658036417
-0.0121925605974005
-0.00364809982491992
0.00218522383372356
-0.0133409296353621
-0.0126325096685386
0.000248055599097123
0.00576733226037499
-0.0041656019139828
-0.00829733144195916
0.00635884623846578
0.0110374366846121
-0.0134228641289241
0.0117202398240741
-0.00514192352012876
0.00738344976638711
-0.00150752064559378
-0.0115443692366519
-0.00575244506867705
-0.00612109916695223
0.0104011276504377
0.00091398139022842
-0.0016373285871713
-0.00475813445878485
-0.00635029403286471
-0.000420983553271477
-0.000533425020123303
0.0108644180282815
-0.012831761536778
-0.00776610629224605
-0.0163186826853932
0.00669316190711666
-0.0146139646244777
0.000496430241826045
0.00454866645649878
0.00441227357995896
-0.00909742283130955
-0.0104687403511497
0.00167358990671625
-0.0077236452722328
0.0055628851160428
0.0419571465751672
-0.0136744318559969
-0.00156761455827954
0.0117220558108026
-0.00336232424470117
-0.00769915987581702
0.00412826130142659
-0.00452484502946138
-0.00385713093647803
0.00630998698780174
-0.00957594046048655
-0.0010038347154055
0.00290157372432683
-0.000198861038235583
-0.00837534629825638
-0.00251544895674072
-0.0136215643138931
-0.00184816870951619
0.00332336995572218
-0.0135468389035556
0.00477853805923472
-0.00899743329641307
0.000989604862623193
-0.00954930460591175
-0.00672712636220433
0.00860312460810727
0.0187191738067356
-0.00777698953723516
0.0160613508610026
0.0106135877264478
0.00958439489179546
-0.0073268484135782
-0.00935746717613551
-0.0033502595051504
-0.00336096168719025
0.0164239750614857
-0.00621385574099221
-0.00438577065379418
0.0014292873299059
-0.00323012780755761
-0.00405987215485305
-0.00560614364899729
-0.00173493782158977
-0.00540869990329774
-0.000321492939404068
0.000983237112036566
-0.00364671474787851
0.0181870804631483
0.0102581264691641
0.00383874235798212
0.00577150285569929
0.019527617094826
-0.0111464981613084
0.00195685973212655
0.0128584262552788
-0.00546597096052095
-0.0103673461678585
-0.00258618023896479
-0.00396325803927956
0.0102644565500142
0.0161872806430558
-0.00208976041716964
-0.00713553585598888
0.0172862513813414
0.00947369783443733
0.0101410717034541
0.00746301692110763
-0.00277308519858196
0.00206750657526967
0.0125174304161298
0.0112070197272162
-0.00766796215870199
0.00907232424175165
-0.00512568663117081
-0.0102440813786769
0.00108521555442691
0.0116402656325176
0.00222334325152666
-0.0124176608181016
-0.00178270292304386
-0.00178559278272504
0.000766875166881446
-0.000509630116140233
-0.0118553251644863
0.0124313514497919
-0.0121692510413031
-0.0161365941411985
0.00884152636136847
-0.00388420414416488
0.000350830324667616
0.0102998959403665
0.0120021662333787
2.21207526828333e-05
0.00182745162998481
-0.0110727240978005
0.000237578865054704
-0.011408116675652
0.000674742313640932
0.0065050870848963
-0.00148482461636681
-0.0105974812351324
-0.00971859649752951
0.00244286861032698
0.0108293758985299
-0.015727454714025
0.00826017239454285
-0.00997329248931163
0.000798813550602802
0.00442900073959077
0.00626573408922964
0.00914948723267012
0.00218399824939865
0.0100060643487812
-0.00629805057681333
-0.00288229643744716
0.00292883411825589
0.000452897071233353
0.00473664659041854
-0.00920980897060057
-0.00766244301844903
-0.00225999462052185
-0.0130187108156004
-0.0130764318745215
0.00537756481733492
0.00258011126318782
-0.00341567430527869
-0.0113824799382663
0.00362139073225982
0.001371823191043
0.00181663368395749
-0.0104143951069098
-0.0023440766817128
-0.000989575829087895
-0.00690084769337305
0.00820330834183152
0.020837310521337
-0.00141368148710388
-0.00899293360338482
0.00860280209919439
-0.00821205175248534
-0.0118920290254057
0.000933392921385772
-0.00666017613044691
-0.00156406831727455
0.00548242605777827
0.0181022128388911
0.00136097856520338
-0.00331089526909559
-0.00298597646473697
0.00726551029453843
0.00102470472381563
-0.0165100566562915
0.00340229066510977
-0.000533374572473676
0.00395123879990617
-0.00232408213592052
-0.0060442850754838
-0.00449271899904129
0.002518064267467
-0.00882282458786667
-0.00328090338995663
0.00254243302081902
0.00741499425439963
-0.00223728603877648
-0.00440434095412821
-0.00270811355555235
-0.00799752778991054
-0.0116650940579047
0.00212652834176948
-0.00159625646383955
-0.000899327041797328
-0.00381902031992865
0.000617155557605768
-0.00924025690508874
-0.000320065587641589
0.00403564525719926
-0.00573858003109657
0.00908802987010756
-0.00913828078502486
0.000152022459611455
0.00298148990418545
-0.00244156840098723
0.00790833150063188
-0.00595481729254039
0.01973691023715
-0.00947937468172633
-0.00218404949520421
-0.00594037785641031
0.00448657810654881
-0.00289449501353062
0.00913676952957342
0.000380441332415375
0.00119243189663942
-0.0130418205443942
-0.00373318340528756
-0.00303665616754332
0.00487098895658535
-0.00527594078888891
-0.00375826692133003
-0.00460639087532486
0.00882164702891577
0.0100311645314015
0.00760995043219855
-0.00859785609253309
3.2927875423465e-05
0.00505540909633847
-0.00792094441912509
0.0132135693498282
0.0106345216414696
0.00597331880757245
-0.0115443187225765
0.00359736169339774
0.00962961831028871
-0.0033877173779203
0.000372119758164417
-0.00202493936624102
0.000372797469845775
0.00697252165279962
-0.00337871029680151
0.00196196409692303
-0.000197754099668025
-0.00429520045678495
-0.000654606846221491
0.0101338838409232
0.00924748842371221
0.00605182652146104
-0.00264557994705233
0.0160648183575567
0.00320204493654343
-0.00074057206570511
0.00111885184204325
-0.00238215985189909
0.00951030267948564
-0.0114330665229297
-0.000523266657663078
-0.00206242872638104
-0.00537870803124938
0.00872450070281999
-0.00304845503369845
0.00681881355054281
-0.00951925596378269
-0.0113912596289668
-0.00893033564597814
-0.00414144661848042
0.010810511060552
0.0104720513197051
-0.00930084381919927
0.00968498311833511
0.000799203569321748
0.0173132630472941
0.00532473836296291
-0.00148769771659542
0.00013186400342801
2.38201425559541e-05
-0.00647675612519061
-0.00400490817802088
0.00122442652154515
0.00459100327511252
-0.00160394584569148
-0.00815578576511338
-0.0007415068799232
0.00690502833591746
0.00208996150620679
-0.0101246528507397
0.00614840485793928
0.00426648162446969
-0.00236593034638293
-0.00630386068223853
-0.0082169953829832
-0.0025148605551366
0.0062013257215643
-0.0050431497829091
-0.00340387749936206
0.000359073704329922
-0.00196941244978175
-0.00453407924771217
-0.00926884109380317
0.00328584368212894
-0.00322919860747984
0.00238772265676959
0.0104093212830613
0.00644635638351051
-0.00251432356756705
0.00598011125323603
-0.00460135609337297
-0.0106298822730199
-8.41887142752974e-05
0.00581290765209876
-0.00475449632476992
-0.00477641048382948
-0.00131675091861264
-0.00875492599429421
-0.00450471163955771
0.00241184162631609
0.00217953607811284
-0.00598056592915881
0.00343514284006096
-0.00383099979643507
-0.00156406831727455
0.00185059820920385
0.00252752003194919
-0.00349212112765741
0.00479691525002605
0.00623708755539775
0.00115280891323658
0.00294560656757734
-0.00266454578631545
0.00182367337613249
-0.00345346413880775
0.00238772265676959
-0.00695319832501993
0.00644810166100778
0.00327791240186328
0.00404689514880743
0.0044736536488573
0.0035692889172458
-0.00418142051327353
-0.00330730903720373
-0.00119802264542421
-0.00343315366615188
-0.0164308691517913
0.00275333659916429
-0.00121823283671955
0.0251258181572893
-0.000305501097606499
-0.00920042750125833
-0.00557163179142414
0.000364896282606532
0.00126185747886436
-0.00143023490741496
0.00103764223128831
0.000812370798879407
-0.000644444205427343
-0.0119226493154583
0.000142620086878424
-0.0011052336722309
0.00331524798718864
-0.00121605074795873
0.00285599207619187
-0.0101847115141625
-0.0120177784127207
-0.00994448552758976
0.00526403935767738
0.00200083462882469
-0.000662925925868148
-0.000663261056590349
0.00130502197453069
0.00441746371959328
-0.00227477009409392
-8.41887142752974e-05
0.00864949125447936
0.00607529237689893
-0.0047573607225927
-0.00260077663590564
-0.00444599544601863
0.00129528040894988
0.00106391703755659
-0.00272680529207642
0.00576612909029541
-0.00489960732914183
0.00518863413955525
-0.00271712481261061
-0.00491012017625609
-0.00389239826730226
0.00014702515958711
0.0031472047495952
-0.0035467960520082
0.00372402083875167
0.00336528003898223
0.00586684738828543
0.00367414382304217
-0.00647034338646194
-0.000999834881030344
3.03129174980475e-05
0.00778492870112456
0.00557962343586769
-0.00699835624186709
0.00411535210384991
-0.00178458021392553
0.000256120970819528
-0.00258248662964389
-0.0041858237228448
-0.00259905057926963
0.000945382960496004
-0.00260279336562162
0.00699750849992999
0.00184883821090586
0.00161832574270159
-0.00371973009643334
-0.000995143001820887
-0.00179446790660401
0.00390192213853918
-0.000538940882185014
0.000938713005875412
-0.000197792804144677
2.94153755940816e-05
0.00862479581103438
0.00160357539944441
-0.00109650531835704
-0.000534436358081459
-0.0012106955361199
0.00216755733960893
0.00853800231964064
0.000138776727005123
0.0073565696976662
-0.00340902830602868
0.00257656673575098
0.00554651895844031
0.00660920325815772
-0.00216421573822963
-0.00414722620403488
-0.00305956145314731
0.00618680383705084
-8.41887142752974e-05
-0.00624482426057856
-0.00362166753032769
0.0102717482789722
0.00297994150102521
0.00536422838155948
0.00111048967924284
0.00500432981701775
-0.00517270724556835
-0.00280143401421854
0.000133462826468651
0.00696382094358981
0.00691449395776374
0.00579975444469934
0.00119499278410495
-0.00799866852960927
0.0129307165667175
-0.00689055339310223
0.001515214516264
0.00692295323816024
0.000656121192096675
-0.00453429141738255
0.00362560408245998
-0.00379398151101058
0.00637256830319506
-0.00558568375813272
0.00605015098734467
0.00800196718587463
0.00315290490762888
0.00449247831313647
0.0148514548414556
-0.00716368270548872
0.0208040331725704
-0.00950627351347665
0.0151694026568652
-0.00631912443944212
-0.00767877739188761
-0.00599714304069742
0.000937783781417751
-0.00674575575218427
0.0104513764401474
0.0102408346838732
-0.00331195024166218
-0.00636778089002346
0.00367044556109107
0.0150942702501793
0.0101387180421054
-0.00632461310633851
-0.000680550922586925
0.00862701268044985
-0.00601540420423999
-0.0176881640269122
0.000420224915587438
0.00985116322171845
-0.000683529457418462
-0.0189460117032481
0.00134031295110997
-0.00538545508000601
-0.00243797376456592
0.0114271694900361
-0.00383882298964167
-0.0151420916653544
0.000844268566018179
-0.00121908695318797
0.00424214683476743
0.00514417933916006
0.00185666689268017
0.00581733431534523
-0.00823336287404304
0.00481328051751548
-0.00273400681591886
-0.000798802597986481
-0.00315261701928982
0.000734979875460354
-0.00758409544655745
0.000328224942461951
0.00741263715454138
0.0052219461842181
0.0016444201863424
-0.00110065556333039
-0.00130531433665726
0.00893720945198415
0.00364246111410501
0.00272677589137499
-0.00581486342326036
-0.0126655235010918
-0.00356174156939988
-0.00121187349214193
0.000736071764403237
0.0053331087371834
-0.0131146916621529
-0.00360167630542267
0.00776141775198799
0.00902585944892639
-0.00253266983956801
0.00409501312809292
-0.000389392440129817
-0.00590082841100189
0.00247113541343994
-0.00182109847405857
0.00816475057013068
1.72260213726889e-05
-0.00272432022344488
0.005492505079323
-0.00261519487431732
-0.00587894899499842
-0.000900182231604669
0.00134336327691019
0.00611218440519861
-0.00190863681815897
0.00153770723173529
-0.00648567376631613
0.0012401124011855
-0.00621103316347342
-0.00295628013364663
0.00125030822452145
0.00196541233116847
0.00063218034875065
-0.00387653682519564
0.00247978376874991
-0.0019295859982855
0.00758260069257504
0.000424846674675173
0.00387741939244296
0.0110057525476122
-0.00309654162979611
0.0079286746710819
-0.00699146879188277
0.00572512249523085
0.00925981565258433
0.00179393174091663
-0.0045380981901882
-0.00137457551301042
0.00259398577745623
-0.00664354437300503
0.00349897427140831
0.00585936518657274
-0.0106085114297521
0.00141184707066005
-0.00108129718256946
-0.0120267261575281
0.000420479477107017
0.00162978055141292
0.000620710363298588
-0.000789087791849183
-0.00574134088610923
0.00959428183529301
0.00501965023583058
-0.00278297589881885
0.00141603660085641
0.008573012476434
0.0016976371382643
-0.00444538107625125
0.00871772738087058
0.00629557479023186
-0.000965116681977011
0.00917558796114283
-0.00660584515756918
0.00313328590848968
-0.00183789142405801
0.00254521339469361
0.00127648794623739
0.00765578800604193
0.00433932075860476
0.00613324965096984
-0.00400145355243637
-0.00526703936008394
0.00911127837882506
-0.00610916749080884
-0.00469913777599901
0.0123656943692215
-0.000464959780275144
0.00428594934475804
0.00256657493196894
-0.00491763412860401
0.00351941878902329
0.00821148480252465
9.68596309942211e-06
-8.41887142752974e-05
0.00599883972932284
0.0035479456629346
0.00242266000580747
0.0078589582488915
-0.00580428918949562
0.00545190219192828
-0.0111871895251318
0.00622263983308811
-0.00816035236027434
0.00854655485165914
0.00801451191016055
-0.00901487459585474
-0.00230620610847226
0.0016753153744194
-0.00956645740098348
0.0022482282595255
0.00242872619178528
0.00316392327788299
-0.00724401287512209
-0.000270842937869199
0.000195779557816293
0.00419887183702582
0.00685996214748604
-0.0109382309840951
0.00484720066996388
-0.00203522756422806
0.0063121250978791
-0.00378721090534184
0.00158386838642175
0.0108740681874799
0.00421099723565217
-0.000357799003729016
0.00682430162953641
0.000187538111362913
0.0033513087430096
-0.00478837687186282
-0.0150671110594853
-0.00831012354080424
0.00232589773225046
-0.0201905377148167
-0.00159676226792489
0.00199501059823082
-0.00197419116688493
0.00576322962582865
0.00526166223494083
-0.00233159110229231
0.00515191488038757
0.000568400690323136
0.0151762230397008
-0.00045139701730907
-0.00570088779492544
-0.0119736098380616
0.00159632703926777
-0.0130408998749913
0.00725978554148323
0.00757868403129381
0.00576350976130637
-0.00658374734238035
0.000102100406978979
0.00428364500367742
0.00472618133862204
0.00763785737963518
0.00457526880431947
-0.00254825566943444
0.00574673159651787
-0.00326875989660113
0.00464352260997241
-0.00636235864635338
0.0157625683959818
0.00957167531076591
-0.00195443016426016
0.0110851499893514
0.00720581766052968
0.000615662595892401
0.00262311829717132
0.0112761207740998
-0.00691960360436087
-0.00173514273222822
-0.00365608779441696
0.00287877641638184
0.0137425092658697
-0.00077100192808658
0.0037730140279811
0.00256436680895791
0.00587074168613782
0.00186471670282797
0.00733762151964456
-0.0138751767784353
0.00144811770625288
0.00551426513123148
-0.0128535798959684
0.00427572415493132
-0.00281759777928454
0.00707513616352422
0.00313779134962616
-0.00747621013863476
-0.0023894191908343
0.00409545655663398
-0.00127659154698085
0.00136354413386055
0.00864283129956716
-0.00490429022021633
-0.00842608250851629
-0.00385228429201926
-8.41887142752974e-05
-0.0100868589894651
0.00216650475659665
-0.0012954710911346
-0.0104397613932523
-0.0017475727703786
0.00114173087883847
0.0100160277539232
-0.000777489721333575
-0.00686918342850346
0.000701048860426955
-0.00937190990746115
-0.00308163431566719
0.00247301915163316
-0.0012297146799607
-0.002467559220611
-0.00149924157266684
0.00168431470889861
-0.0162042331970815
0.00823093809914695
-0.00240189344228397
0.00694149717258426
0.00513083172288036
0.00501606856040176
0.00568808549030943
0.000787498928088597
0.000960834458421232
-0.00243702845595729
-0.00375520061595703
-0.00905601422180736
-0.0133364838759178
0.0121957306801433
0.00221263208342796
0.00510834220453329
-0.00351351720149868
-0.00246524720505856
-0.00282500648592205
0.00141977051997508
-0.00318304461834166
-0.000705113912740925
-0.00212709034407554
-0.00534383979644668
-0.0111389905509756
0.003884428382297
-0.00912665922559453
-0.0105851298410587
-0.000635102326593008
-0.00671893476283206
0.00829407693172238
-0.00735360190882643
0.00901723012227829
0.00338740256696792
-0.0107196607438132
-0.00618627865465356
0.00315640483502467
0.00957505569789553
0.0133742303016483
0.00568003511772586
0.00323315865932412
0.00393564786588069
-0.00410402529443129
0.00962505782557776
-0.00417017769976621
-0.00213346104902592
0.00684855614475353
0.00186254227837098
0.0136122501526312
-0.000433046209527922
9.02552460449389e-05
0.00226783118615528
-0.00060638193762972
-0.00654709330607953
0.0206405938114499
0.00154510461875317
0.00171352610450758
-0.000597491831029452
-0.00928262021638474
0.0161066819547252
0.00101989225057047
0.000509811897190841
-8.41887142752974e-05
-0.00860357914132524
-0.00471501767410396
0.00291971862112524
-0.00472257531587315
-0.00318844230651181
0.00422467696649497
-0.000600273363610494
0.00600580737763245
0.00775230794796763
-0.000508510866014757
-0.00288923964188382
-0.00648871938012278
0.000857713140693127
0.00435646760091065
-0.00984537590204213
-0.00292767001493505
-0.0105800130454059
0.00035171208160719
-0.00217824758960589
-0.00227017305872199
0.00506708648254841
0.00113426226327548
0.00883477762644049
0.00678869057348674
0.00716685606496966
0.00305579774137576
-0.00211981282687327
0.0110608101305545
-0.000168155295625256
-0.000924242527117737
-0.00649176480631545
-0.00491695915298724
0.00517139683369124
0.00615266251815413
0.00761588280938246
0.00199801751005845
-0.00375177638794814
0.0104653961888755
-0.00240053654017054
0.000991925788810265
0.0106955906359799
0.0031843221216895
-0.0016353993776139
-0.00434195327311149
0.00539841574782237
-0.00204465331865712
0.00878883950304037
-0.000246289541344459
0.00525131302958961
0.0011244653952333
0.00120343419016946
-0.00346774144685356
0.00112553763189154
0.00730362293307506
-0.000324236725029882
0.0105821545507942
-0.00309743340162747
0.00506454142098855
0.00770713862322461
-0.00613885631627559
-0.00363967778357755
0.00803536241683849
0.00703494950901064
-0.00626163338919859
-0.00456515214931123
-0.00458532159506692
-0.0113864421047406
-0.00973599693212879
0.0130036371076057
0.00556352148113725
0.00805268123795504
-0.0015014001946887
-0.00934534644942157
-0.00470718435419177
0.00358407696211901
-0.00767481283146549
-0.00684423377199462
0.00611426139908394
0.00981767291227336
-0.00494301383739521
0.0046157044313963
-0.00438492806069058
0.0144949459902946
0.00391942773373629
-0.00668694812119248
0.00949127099645646
0.00100879289191651
-0.00595343904103494
0.00905685700597591
-0.0027319591265185
-0.00791263013462946
-0.00488980713270157
-0.0069783084958959
0.0014254854034475
0.0026116581451841
-0.0148413663429177
-0.00217573480696476
0.0052166027515566
-0.00667426319512208
-0.0211890665702796
0.000245164932176544
0.00361358451188153
0.0132775873977695
0.000320391135075475
-0.00511258535968793
-0.00358653397631323
-0.0017991048178758
0.00342415739639431
0.00576283135440638
-0.00813268547622801
0.000731738223941035
0.00666243309633446
0.000644644779541757
-0.00633700051146225
-0.00662229634575671
-0.00534562801394892
0.00328960588684928
-0.00461262261893731
0.0055936706042926
0.00294723386852413
0.00773853696693377
-0.000246539554797455
-0.021417455911913
0.00256613584521225
0.000825240474938753
-0.000497463093013524
-0.0101378648544736
-0.00435215619542929
-0.00109106914839233
0.00159338255651891
0.00925855525270993
-0.00992990863284841
-0.00765934487722631
0.00303699143141669
0.000925997414226658
-0.00294903732012084
0.00294892507790045
0.00159690775627543
-0.00691015378467517
0.0100955147221733
0.000417903346481834
0.0089106249909866
0.00529061233415775
-0.000909203198823295
-0.00363952752901581
-0.0193187673251677
-0.00338270737294034
0.00439576468096527
-0.00295581230923251
-0.00186196696027458
0.0184682846435197
-0.00341669200666778
0.000416395310861843
-0.00568831864205719
0.00901703053937746
-0.00533441953354131
0.00782230663684982
0.0034740921719735
0.00477759005171518
0.00655218810600149
-0.00401153789577339
0.00261751991668623
0.00358823553798836
-0.00416549386523147
-0.00196719717110647
0.00937677411585932
-0.00211563620929459
-0.0112903916254361
-0.00875870301987736
-0.00390828515267886
-0.000500733894622303
0.00407347568167531
0.000496507307683629
-0.00116289271465451
-0.000333285738853863
0.00571196893856168
-0.00181951121725857
-0.000415068029065026
0.00280729993749795
0.00123485517029486
0.00566625841416257
-0.00328392890171348
-0.00123531530085167
0.000984758474629803
-0.00172919648776468
0.0113744405075385
0.00162333700856725
0.00380781327961929
-0.000812786196415928
0.00185755946863519
0.00193446431891125
-0.00210284174746184
0.000642995901455883
-0.000649731044032632
-0.00178273726839568
0.0046806093171818
-0.00226187235908629
-0.00729624541930336
-0.00236394869856505
-0.00638046038327107
-0.00238360666098526
0.000326809606417226
-0.0111577668731071
-0.000749192895058488
0.000996218621237215
0.00124394296596974
-0.00282539573043945
-0.00333351463086604
0.00482737162760124
0.00174108350906887
0.0149710090592747
0.00252528842495011
-0.00383745682787157
0.00179420621918085
-0.00310768437812559
0.00952657104066706
-3.13501615595972e-06
-0.000651702613328732
0.00218393700492963
-0.00543873663666967
-0.00358824640874326
-0.00918671578934478
-0.0048736280925151
0.00148729335099331
-0.00132462716152443
-0.00323353658500578
0.00521427553992245
0.004611235703803
0.000244488363457578
0.000162248219653514
-0.00866297596393873
0.000578337189875954
-0.00340121638452726
0.0124624059158446
0.00220995403710066
0.00130612023999654
-2.4659994012423e-06
-2.47267745762796e-06
-0.00664266442809331
0.00426560681007881
-0.00657478373882543
0.0117153582168797
-0.00261263506763407
0.00561615245409499
-0.000571518158617758
-0.00456247653897125
0.00650414696358189
-0.00105750373960931
0.00687039212222112
0.000238106027053063
-0.008822815405067
-0.000165459794006319
-0.00187382557035596
0.0014615952651652
0.00105328297157805
0.00614888282779099
-0.0065608952922647
-0.0037458552002386
0.00884299279299513
0.00290076771930044
0.0047374213981946
0.00271771841439799
0.0063702741093762
0.00118585432038731
-8.41887142752974e-05
0.0145628957264594
-0.000709775222009469
0.000541397793458874
-0.00643640393339654
0.00195919458081541
0.000779064233192149
-0.00346296849723785
0.00376514240667727
0.00928063702306894
-0.00148333390948797
0.00464945610039174
-0.000548800771572329
0.0050147098482367
-0.00681093151827284
0.00231788907471197
0.00254373055971484
0.0011500936301873
0.00414707505139849
-0.000237739578300596
-0.00039136119403655
0.000913777053884117
0.00420339154672427
0.00426115831752698
0.00499947487641999
0.00180609955037608
0.000595441291118042
0.0035327242785833
-0.000159407789868345
0.00141911884484646
-0.00113626666507894
0.0100150181254711
0.00147767244886237
-0.0117452567171593
0.000291680487669081
-0.0086893142771451
0.00573615350374795
0.0036021047209267
0.00485964157995416
0.00125989750957866
-0.0103599213594275
0.00847377958900185
0.00111109007736675
-0.000831070517610839
0.00528095083179402
0.00628667511858621
-0.00119246767067217
0.0077214473826605
-0.00191965782470727
-0.000378176662886871
0.00116466360598027
-0.00848883860085282
-0.0106529087020201
-0.0106901777864346
-0.00318942845716547
0.00120452010221705
-0.00745980668415231
0.00296389716314759
-0.000388579554461317
0.00696904290737504
-0.0107973557976488
-0.000542623930128057
-0.00199660084809945
0.00167536496617875
-0.0113837439682086
0.00200083462882471
0.00775356464039472
-0.00315050004742052
-0.00162087745309104
0.00152927250931961
0.000606498546980076
-8.41887142752974e-05
-0.000698109384313479
0.00252237516568193
-0.00468860172962782
-0.00339710826654139
-0.00892077051477336
-0.00633225652554573
-0.000240891684117235
0.00109048544875575
0.00600197239439142
0.00859063913461899
0.00368751263571426
0.00175799786749491
-7.50453801751776e-06
-0.000237562947704779
0.0011421469954817
0.0104309950362719
0.000673501881149334
0.00422371954637712
-0.0072743805237191
0.00687973315416467
-0.00318168675236564
-0.00882384232136402
0.00319262884915805
-0.00229295613040515
0.00614872900158008
0.00362190031381992
0.00743690570435184
0.00462522010181487
0.000437712509127379
-0.00336924467733086
0.000738087542110015
-0.000831684637853276
0.0002896290912816
-0.00751191540230112
-0.00612695957564825
-0.0019041634336669
-0.00961714937299891
-0.00530853987170083
-0.00440718448484845
0.00123012590532211
0.00153699510472454
-0.000469946540298756
-0.00596610335816506
-0.00576668561502017
0.00381141418655525
0.00480276201930568
-0.00816441292733203
0.0117034623142631
0.000994560041900454
-0.00494774869301329
-0.00800902235772503
0.00365296916998056
0.00757987047569202
0.00214976052583148
0.00398569595898051
0.00060528157005673
0.00136980044564821
-0.00860860388583668
0.00107201444377824
-0.00479444027067694
-0.00124585389815391
0.00393716076182132
-0.00736539826437072
-0.000628533375642178
0.00743260439863202
-6.98950166872618e-06
-0.000624708398490499
-0.00962987448353367
0.0022524429275674
0.00209175246132919
-0.00873820132484938
-0.0107904233882426
-0.00158907989369559
0.00149984456482621
-0.00127197837762059
0.00157832205933816
-0.00285657751524999
-0.00477511363497594
0.00539963190289729
-0.00429371798347945
-0.00335281680878
0.00214920138213855
-0.00639840063710907
-0.0114539035813573
-0.00847220157408061
0.00277400603702548
0.00203376580829603
-0.00146849739183514
0.000974572633966657
0.00308538604700378
-0.00700519504849535
-0.000901582907243799
-0.0138343538927132
0.00388735382193067
-0.00347556464351532
0.00371998391845284
0.00502038354210601
0.00262217288346771
-0.00979539991967702
0.00148586490742655
-0.00380673923461889
0.00124097298370423
0.00667983938429342
-0.00577281446740286
-0.0034797777154135
0.00306333314208398
-0.000497770754166966
-0.0161806123071933
-0.00100945269078804
0.00243724479505963
0.0036024514059435
-0.00452659156098226
0.00844785802464001
0.0131544623545869
0.00139425098007181
-0.0097333502156721
0.000412911544511251
-0.00165918800367327
-0.00749502241479114
0.00807300650863476
0.0101427045438433
-0.00370112648395866
-0.00652836170896216
-0.00657015856630742
0.000166051100184771
0.00904829484899716
-0.000662868513832217
0.0102811558169714
-0.000247881626737702
0.00733684432359721
0.000809139805766433
0.00533982782175679
-0.00137680482574782
-0.000326740358751944
0.000724088083690032
0.00217551687160369
0.00409890804591608
-0.00676940550943384
-0.00502607101233794
-0.00146579728871499
-0.00685723676161854
-0.00254360953095645
0.00384798641868044
7.93168452779479e-05
-0.00188422192816979
0.00489887105974026
0.00276377285102383
-0.00154784160201458
-0.00891138129891373
0.00131045444216745
0.0153720695224164
0.0121908260166811
-0.000323432704411215
-0.0044805028971382
-0.00265096641291363
-0.00273809674184978
-0.000325802696846407
-0.00833399286367079
-0.00309366676751999
0.00300650101725335
-0.00750159240816804
0.0015507335823773
-0.008615123890387
0.00115073508322163
0.00574051293349686
-0.000165991651046339
-0.00879347061564262
-0.0072894871856851
-0.00224761109244635
0.002577821010106
0.00207348847137356
-0.00182656625526587
-0.00917705636901265
0.000334729644664127
0.000669422374353405
0.00941271705174373
0.00677392533789292
-0.00470618439711083
-0.00555910906774357
-0.00124939900008465
-0.00241869035813295
0.00150053158067328
0.00183080292044312
-0.00717967321834426
0.00100426955034316
0.000166825804048913
0.00483966851096464
-0.00576127859846998
0.00600906497799821
0.00340476647801746
0.00578626512022808
0.000575115743429271
-0.00960373413516672
-0.00133257637588639
-0.00141752224513959
0.00399354339551002
-0.00909401023683854
-0.00926049589594811
-0.00712856327204645
-0.000339736226207289
0.00195836518734615
-0.00562578608346954
0.00128274870489239
-0.00401918096029292
0.000772562537582504
0.00119956344114643
-0.00119667866684651
0.0111547546190066
-0.00944118110716469
0.00630506503542432
0.000510064030407868
-0.00178299146717468
-0.00323460215055608
0.00561334785153427
-0.00212136792658302
-0.00212552649892437
-0.00417940815658156
0.00588241609894671
0.00127462253513635
-0.00629882583585287
0.0045166543678472
0.00169932698207072
0.011725311672035
-8.41887142752974e-05
0.00785070361838138
-0.00183280483908497
-0.00141852299614762
-0.000585023449285078
-0.00192273176935696
-0.0070511031995387
-0.00430467273712227
0.00304068186620515
-0.000674631985614578
0.0053012164254417
-0.00775028918731439
-0.00245486123256664
0.00237104682465752
0.00405066380779139
0.0172799674101909
0.000329530210992128
0.000329359118424653
-0.00132534563170434
-0.00124399333438453
0.00190322499056302
0.00198184234995135
-0.00621206479605111
0.00596112802792836
-0.00314368587073192
0.00404804857063514
-0.00438207118757176
-0.000498421767710928
0.0170860831876128
-0.000491537288077749
0.00170690514564203
-0.00334311289563017
-0.00679837098301348
-0.00750567903245054
0.00289102009197256
-0.00223206231986093
-0.00223668561291705
-0.000498662131739387
-0.00673923365761917
-0.00075213563733071
-0.00217440309511841
0.0019225009223138
-0.000251259134845978
-0.00695822030875371
0.000756642076035173
0.000419970610746771
-0.00395592151983535
0.000337378679514937
0.00571536525926066
-0.00226558063557895
-0.00269131352476885
0.00679734230246273
-0.00519886049386429
-0.0037897681608104
0.00185453149511077
0.00654641176708225
-0.00284858838047328
0.00818618965692171
-0.000333803892174085
-0.00877626182621386
-2.50325003732388e-07
0.000419293716432644
-0.000168084850907392
0.000167478582887896
0.00209427884185339
0.00642288354923811
0.00348502030410879
0.00948131672713325
-0.000987345719712047
-0.00255149813273398
-0.00627922773178841
-0.00124485871690184
-0.00724372645617622
0.00458365338631602
0.00481025881832541
-0.00606030211761691
0.006884480601818
0.000576968334602239
-0.00347724861708341
0.0126013191244009
0.00359243620429805
0.00398515848180672
-0.01094542814588
-0.00667454125990797
0.00041159711640567
0.00156665771924979
-0.00264416368680093
0.0128955384052324
0.00755874628689992
-8.41887142752974e-05
-0.0025982811134781
0.00396768068660291
0.0047564822950376
-8.41887142752974e-05
-0.00096989270550666
0.00977521542815173
0.00833524148159728
-0.00174656788198816
-0.00246382020127556
0.00751078450316933
0.00526089554104383
-0.00472019277443215
0.00635326482463657
-0.00502634429228525
0.0153667624414437
-0.00692182219187951
-0.000786134693259423
0.00497438466273669
-0.00881650679452645
-0.000319141920509421
-0.00118136750772619
0.00679245009009882
0.000694263761591811
-0.00758246644550457
0.00320322814740883
-0.00313643134997061
0.0062446990749077
0.00217200705355796
-0.0103951689890279
0.00609954199973194
0.0110128094974558
-0.00868722569256831
-0.00460908331256494
-0.00431550673403783
-0.00606987249100444
-0.0069804944336453
-0.000163733716902432
-0.00072077662468862
0.00364997524027205
0.003161924741429
-0.00483817912724414
-0.00366457205928742
0.0067471985645143
-0.00405024451977846
-0.0064627783524926
0.00462395548122007
0.00039336621361618
0.000154503254873227
-0.00335125405301571
0.0144949459902946
0.00595433490849048
-6.0056877705174e-06
0.000150323696414621
-0.00470639131080087
0.00328664503445588
-0.00212100884656772
-0.00133968166010718
-0.00118403955969005
-0.00244509324993859
-0.002134824340986
-0.0100021499666011
-0.000881891373039935
-0.00400215638557214
0.0127319071036341
0.00283805796504396
-0.0037976998754547
0.000153256377663023
-0.00396953634474626
0.0117624195839794
-0.0058320097431868
0.00801620554522744
-0.000711000612882824
0.00296781506338705
-0.00141340428196652
0.000776093667800397
0.00443964709530042
-0.00094058644655743
0.00302647558731139
-0.00179385652269676
-0.00648246272661893
-0.00455601195882741
0.000466060877095047
0.00524539518403629
0.00661574286135998
-0.00608085790499694
0.00901349854407731
-0.00840105294552793
-8.41887142752974e-05
0.00139769745169429
-0.00547630118100138
0.00288897676514107
0.000540616054566727
0.000696268673346316
0.00248700752869362
-0.00273340329159234
0.00264283779164964
-0.00335751405924443
-0.00141215828802011
-0.00494237096966505
-0.00149906082579807
-8.41887142752974e-05
-0.00039887678232748
-0.00260526465761891
0.00353786248969836
-0.00386401839759171
-0.000873454737883729
-0.000953101443221201
0.00165288238970648
0.00424533353655859
0.00664826195390347
-0.00391456275450942
-0.00581801426508639
-0.000951047194816236
0.00219954657760931
-0.00426186396623063
0.00188858762093973
0.00400676184210202
-0.00425397564579692
0.00282862578369771
-0.00457503730963819
-0.00491263043763161
-0.00525503671785319
0.000314519476485552
-0.00104135557366487
0.00143090268036943
-0.00287692940833052
0.000634689866146364
0.0014317488641031
0.00134984594830303
0.0044434015292265
-0.00500991568318591
-0.00127955085206975
0.00302078571610647
0.00570190122055691
0.00228398416389052
0.00259297823904203
-0.00173688652877713
0.00470896861776975
0.000699387567785391
-0.000632627635845186
-0.00464000525013603
0.00407970149871639
0.00156087060466128
0.00148002246028497
0.0052159016350636
-0.00273072252334081
-0.000551952034568488
-0.0025826284898741
0.000853457861688299
-0.00242995568249441
0.00514713299546415
-0.00218904234658236
0.00551893878534548
0.00510178211739287
0.00951981887669012
0.00266474398806803
0.00242904515876435
0.00067615195495873
0.0031787044943487
0.00324360137839935
0.00481168970514389
0.00156746331284551
-0.00436910412208203
0.00164702243656045
-0.00166474073111606
-0.0075691970088882
0.00498754540760937
0.00150017919042782
-0.0056025910466806
-0.00662463335426789
-0.0009238513719051
0.0047152719898556
0.00332994911898259
-0.00197949271971116
0.00097762405139417
-0.00258883880356942
0.000979156365411176
-0.00031195320677569
0.00748014387465117
-0.00302747599811754
-0.00957660915724407
-0.00176421965544294
-0.00606350894345271
0.000838036988960282
-0.00239134962387145
-0.00039221274258467
-0.00711749049786493
0.0036318486965573
0.000842666994310452
-0.00348686773782187
0.000922353897126187
0.00269788417751653
-0.00178342446723507
0.00792324550942585
-0.00277184631216738
-0.00216247141591342
-0.00603497717025248
0.00146487828280838
0.00385510499071295
-0.00147275639862138
0.00499782730542252
-8.41887142752974e-05
-0.00740740510020572
0.00223420490530529
0.0023828543996045
0.000223764171367262
0.00114667535373269
-0.00401286148679609
0.00499704479131213
0.00451281601007535
0.00411124823407476
-0.00145530410275308
0.00090624982617759
0.000905269828223081
-8.41887142752974e-05
-0.00305550627881474
0.0020499584372004
0.00189344941411506
0.00522086351541783
-0.00152135094492262
0.000974973133870842
-0.00478330301536773
-0.00618037462880689
0.00121436396409152
0.00258400421612192
0.00120922646204562
0.00014388746415666
-8.17487972066393e-06
0.00461742000717524
-0.00273560498670356
0.00317227976236244
0.00737319208516234
-0.00173658506441488
-0.000610524302951672
-0.000309845941905536
0.00426951880822051
-0.00188342452464325
-0.00474725372216223
0.00607846418803614
-9.26831716219894e-06
0.000215436756131053
-0.00263387138537847
0.00351347668617241
-0.000682901499709405
-0.000533458658185722
0.00148737381685026
0.00387118791162504
-0.000680225090138715
0.00356097061293308
0.00473081373628197
0.00124510769297258
-0.000157992175691131
0.00198025203957474
0.00168194611819699
0.000283363757977377
-0.00369204153989212
0.00175817888007217
0.00483668346818338
-0.00397481575446419
0.00336674903259231
-0.00287338605980276
-0.00133451065114749
0.00175397951772321
-0.00391138113880297
0.00388991130563925
-0.00427953583122438
-0.00178204465678462
-0.000675423673482951
-0.00311976650894192
0.00457644483762858
-0.000896386492153574
0.0025714634808755
-0.00436621814379846
-0.00297382877929659
-0.0025358076384382
0.000659361026279497
0.00258802190197515
-0.00320246282762527
-0.000604847731578491
0.000808203700119185
0.0040698117698632
-0.0066941871582838
0.00237180924559471
-0.00134864646763484
0.00333360196692561
0.00361759977293957
-0.00148925457678834
-0.00327138334795169
-0.00910770346295259
0.000365182174053562
-0.000833252419711945
-0.00443985796159197
0.00119443956718045
0.000667182573609919
0.00665286798227693
-0.000158796092979647
0.00170485387993607
-0.00232099250999763
0.00319474707988731
0.00140268985866942
-0.000158480159649539
-0.00171999843289878
0.00207154525567115
0.00273355006239889
0.00604287433948324
0.000872080438003624
0.00116493889588314
0.00153001664026597
-0.00331520929572188
0.00175289891705981
0.00321408817910667
0.0062617970597088
0.00245747780777294
-0.000519444433877976
-0.000156749756283665
-0.00081008886229434
0.000496573552501871
0.00288693561348246
-0.00131504721235776
0.00121902606617307
0.000783678556513227
-0.00661162703423868
-0.00161340801829097
-0.00527179396213374
0.000501677285638651
0.00342381751421422
-0.00329939060716861
-1.10010244120452e-05
0.00210895493838175
0.00893012065345666
-0.00182256377177892
-8.41887142752974e-05
-0.0048075198079069
-0.00585505099877443
-1.09313244033362e-05
-0.00448915876190576
-0.00858167214317918
-0.00536674257065901
0.00356449920121609
0.00154967722661702
0.00228758826473962
-0.00119525878894634
0.00590097711864106
0.00293173912988098
0.00306911569889928
0.000355017793041361
-0.0025022151717834
-0.00162598263960657
0.00687172437709915
-0.00542494838206459
-0.00390603667068502
0.000504739453512031
0.00585925615790316
0.00188913551459501
0.00711819955558784
0.00201581567817515
0.00431871998278776
0.000779680031406653
-0.00275018445696302
0.00114161091284098
-0.000805065331421502
0.00767391355516033
0.00384368635893145
0.00126913604086958
0.00446095084808017
-0.000580308360157718
0.00140343242926449
0.0036604724601788
-0.000154713062835827
0.00364676489383791
-0.00480300579532939
0.00203146792817926
-0.00616108700818919
0.00182765467209933
-0.00341457266053092
-0.00378183923322607
0.00765100934733409
0.00365545226414703
-0.00191698212172754
0.00364834141227987
-0.00544084093635217
0.00344315180369308
0.00686345142921984
-0.000853769330842143
-0.0086594855169877
0.00610865303397278
-0.00176934569219323
0.00545210910856164
0.00514357909039114
0.000402344744496901
0.00102699967702407
0.00268839225363309
-0.00174681466014654
0.00379098048363618
0.000537208067552413
0.00397987749593736
0.0118739981309139
-0.00389527267918172
0.00107428359491745
-0.00719241357239093
0.00183454003171345
0.00626243920174168
-0.00424248230969116
0.000735203615626005
0.000120554504320851
0.00881562885239306
0.00187533757238167
0.000927854687559231
-0.00143380765184093
0.00234381544608141
0.00186742535111011
-0.00865923872658009
-0.000694668638271452
0.00147518649577687
-0.00654086659752729
0.0050166486792581
-0.00150980247868627
-0.0114254320901107
0.00642201510846296
0.00461497204249899
-0.0032145077045735
0.000120261485775812
0.000460807552364988
-0.0120054041615276
-0.00811135796728974
0.00151253487117308
-0.0022368925767462
-0.0025899323515169
0.00207391021235569
0.00116676703993528
0.00807799258943747
0.0119674498923217
0.00188772910417977
-0.00232840061201656
0.00433142934301988
-0.00184809690568017
-0.000355835575028891
-0.00130751359158843
-0.00178573753386414
-0.00131109909924999
0.00874319256915367
0.00685490336614657
-0.000688600941802016
-0.00641886856717045
-0.00693562141080901
-0.00124202981076283
-0.0132549100394488
0.000744083006185441
0.00542015984672544
0.00600400603257639
0.00277606929674089
0.00331024767466914
0.00113499323029303
0.00241724922596109
0.003958943478081
0.00119273608707431
-0.00412215099475666
-0.00963807782907256
-0.00465617115710915
-0.0036470564777173
-0.00393537289790836
0.00191202602536394
-0.000359291879696695
0.00321206478532226
0.00265441357244289
0.00319226472876782
-0.00267716184911743
0.00713212689586134
-0.00593494354959784
0.00535948286690129
0.00748750781661833
-0.00217419453152252
0.00375536334023573
0.0112803296127061
0.00502107680816687
0.00295332022445243
0.00228657301516377
0.000113121293270673
-0.000742040195140965
0.00797746399090459
0.00629271993336788
-0.0050911894533674
0.00245495780440102
0.00626791975856083
0.00635622769957094
-0.00111187202137126
0.0132574282232988
-2.07791838016737e-05
-0.00510597087238985
-0.0173753153201041
0.00933766725178486
0.008931505845717
0.00474183030440561
0.000549083423916956
0.000928213295760809
-0.00974364358605723
-0.00187378397650551
-0.00688824603121358
0.0124607786738009
-0.00193044102925644
-2.04680655775459e-05
0.00195273114976762
0.00934596249515567
-0.00273336397373348
0.00218696234713283
-0.0026711857718027
0.00621385452444206
-0.00360620493365355
-0.005897423839064
0.00736581101891742
0.00198939272556153
0.000480588057035984
-0.0108698746528945
-0.0111157050173741
0.00196551735819788
-0.00373815604781187
-0.00207705363406147
-0.0053748649690974
4.51857603213022e-05
0.0043046139931579
-0.00641536820591499
-0.00547783989638684
0.00712246477744615
-0.0018971910238852
0.0026987144181908
-0.00228398256202118
0.00218023175319786
0.00146559850022043
0.00500029528843503
0.00388813839533447
0.00717884015547798
4.27631711307151e-05
-0.00090966420325473
0.00112204575887025
-0.000147638477946195
-0.00670504305023324
-0.00681347356884999
-0.00285311414479312
0.000753737146089555
0.00454396121942551
-0.00826221813017992
-0.00423088378406062
0.0124970282383548
0.0118339919363505
-0.016564919451101
-0.000792928797420274
-0.00642068993641665
-0.00535197964913415
0.00790416355657824
0.00107950420215035
0.00094906936925681
-0.000859032170101533
0.0082140802547369
-0.00580197757256846
0.00293939106032642
0.00190509547880712
0.00834228948936077
0.000995896526848055
0.000931297536990887
0.000613360380244225
0.00187901764123149
0.00490146422442061
-0.0136475858946759
-0.00136124654698889
0.00221334245146265
0.00169913766115231
-0.000529722248042992
0.0079683545605646
0.00067333925579282
0.00889913017091636
-0.00648360825732137
-0.0025418891668036
-0.00216850969624805
0.00256783026761619
0.00375507080851644
-0.0113287797145898
-0.00415829200056567
0.00354511710638133
0.000678200140949485
-0.00269142048594091
-0.00749778437434135
0.0013260679297104
-0.00245712553401051
-0.000597997331873164
-0.00517227491743439
-0.0006654902000452
-0.000536545825611197
-0.0260800870299287
-0.00420571286277905
-0.00710316869875655
-0.000352555035912756
0.000184177607362161
-0.0120967504951624
-0.00178296260835015
-0.00192211169854479
0.00379191691728486
0.00533074261620031
-0.000489293034176448
-0.0028568024938348
-0.0115946171764716
0.011426239747921
0.000186648852550646
-0.00252437158308001
-0.00785095346863247
-0.00729155079875227
-0.00526429492067116
0.00316514872240897
-0.0168585510602931
-0.00240315254466645
-0.005021077223691
-0.00362551970473225
-0.0115014670111789
0.00934445256362409
0.00594056637013251
0.0080796964481678
-0.00310268807540393
0.0192717034635768
-0.01859679201573
0.023175095669496
0.0108366760868085
-0.00287131536129066
0.000596314884629294
-0.00417417396580039
-0.0201614438811712
-0.00329513660778192
-0.0157271232518637
-0.0128059154620435
-0.00505950272328865
-0.0146468459520748
-0.000230891567908904
0.00715189153837958
-0.00365913871508373
-0.00764080733642387
0.00432466551380494
0.00816674342153483
-0.00936211624551559
-0.00878245968495601
-0.00773908841783839
0.00140679113551106
-0.0181243652720098
-0.0262892460504725
-0.00265698863655121
-0.0169310013841399
-0.0109399785937465
0.00519878202963869
0.0192079972269515
0.020455188626742
-0.0216420955435874
0.00499811629463725
-0.000240182786816874
0.00380838140123593
-0.00788454027786268
-0.0011811096109119
0.0104434555988812
-0.0113176323744588
-0.0172543696070826
-0.000483310651323683
0.0118207137920432
-0.00126832147549209
-0.000637264223178759
-0.00158693744489328
-0.00739276906995493
0.00468833068475937
0.0133938478265008
0.00288642009938144
0.00954845004942064
-0.00279369298464139
-0.0135857790719917
-0.00947837660866205
0.00695002325785584
-0.00592938703120511
-0.000321878371932767
0.00347523762629608
0.0147285747811807
-0.00132971277378336
0.00666970879063105
0.0221049389474843
0.00933030371694998
0.0125789227703545
0.0131512986139747
0.0265129320831375
0.03876987026366
-0.0474386024576031
0.00206557922221739
0.000488303071791478
0.00184555494285937
0.0186608340623979
-0.0122106768513365
-0.0130060176282428
-0.00375550263169289
-0.0207786025429743
-0.0186624149603818
0.0194507289246655
0.00153274534372887
0.00482406625864484
-0.0215046103417752
-0.00998823125545779
-0.00681771141326116
-0.00678693297985617
0.0139551236477317
-0.00673777442786323
-0.0193862585610374
-0.00163217663949029
0.00563143663946374
-0.0147475493148132
0.0150411723564806
0.0139811708217177
0.00642260582494008
-0.0113846009547271
-0.0228413709055365
-0.00446330112363492
0.00686652067042445
-0.00249974293358374
0.000773611470892687
-0.00265979989420679
0.0163477420039078
-0.00324107295298288
-0.00232313965922876
-0.00823292807374496
-0.000863733499620607
-0.00461757149780693
-0.0103996469312137
-0.00309647795200575
0.00853212481907383
-0.00909753246683909
0.0162224469834297
-0.00282273743099016
0.00241992089692322
-0.00110072709793747
-0.0109393255889941
-0.00388767982886832
0.00142309013996757
-0.00485177819774805
-8.41887142752974e-05
0.00808624502928997
-0.00745844407183347
0.0171168034760539
0.000150470444375099
-0.000397079830720327
0.00949271322821187
0.0104758970861581
-0.00778127105021154
0.0143376629653552
0.0402929239208751
-0.00904824579983638
0.000579846430204416
-0.00385289814442197
-0.00104711608766884
0.00825503528921256
-0.0232805302280136
-0.00778582750761892
0.0085947835403155
-0.00475392680771786
0.0108777049700565
0.00237693793353366
0.00519051613446341
-0.0181026942169536
-0.00189646739499023
0.00308514686951599
0.000141808499387657
-0.00787280232431337
0.00166028440436971
-0.0105969693161686
-0.00715461472591317
-0.00270987560389264
0.00107505249904832
0.00783984397791686
0.0137658157983578
-0.00820351851792329
-0.0102692137726407
0.0207863989697669
0.000594007310362903
-0.00400901826759193
0.0134366362073985
-0.00614594721964724
0.00298870109366089
0.00454475788172919
0.0109533691723629
0.00791379940183123
-0.0044788343280246
-0.00449823251762128
-0.00340755501669083
-0.00186117718720403
0.00862242571915039
0.00562969394742296
0.00581510373035603
0.0144062064853214
0.00263184469005478
-0.00739133491757594
-0.000587622864934807
-0.00332661688915149
0.0172304028173292
0.00853229230913565
0.00118083359231141
-0.0022638345060167
-0.00799886503813952
0.00571661985514332
-0.0222653213294711
0.00660047229604709
0.0101079810519524
-0.00956023126571016
0.00241822563273014
-0.0111419591733471
0.00279973541862959
-0.0036903952910043
0.00567951600247479
0.000777508883205984
-0.00540985801284061
0.00853779313547248
0.00355776196742274
-0.0064483991185328
0.0110444751471706
-0.00278362915438541
0.00530742480067369
-0.00277636178911417
-0.00342403903858452
-0.00293542736981284
-0.00811117942380735
0.00865637416767861
-0.00853696110571856
0.00629781996815903
-0.00646619739670962
0.00522505033193204
0.00106005799571073
0.00689589660571548
0.00282165691102115
-0.00291905950012251
0.00888891702869676
0.000337752220254666
-0.0023366004499657
0.00258998599687859
-0.000224756608799677
0.00286359556513293
-0.00289140509915915
-0.0089078791822605
-0.00370673769123648
0.00594612291587897
0.0115189090097254
0.00556298354222617
0.00172174356789106
-0.0028638986347725
-0.000989260659651998
-0.0109390170999303
-0.00262226114274623
0.000198137656882917
0.00855866451011377
-1.42268434663652e-05
-0.0157370500768054
0.00197452070556069
0.000695593695067158
0.00915586997373829
0.00600549517335613
-0.000572793756627783
-1.43733758171184e-05
-0.00386120936171642
-0.000224352706375226
0.00662162015291589
-0.00650968924045803
0.00285431476447689
-0.0066728436555863
0.00797048624596308
-0.00518963044349664
0.00467239551969339
0.00984541410111178
0.0032957075883121
0.00149836227483462
0.00327900468198821
-0.00234795232893626
0.00334375924690471
0.00401389775328431
0.00270654243023765
-0.000560104010336966
-0.00328549921657518
0.00820446530212198
0.000118767684621761
-0.00109938287273182
-0.00674227431988112
-0.00144844540608936
-0.0070022614441
0.00635595412559314
-0.00721190033810688
-0.000221759219376012
0.00533550691724249
0.00714196584653325
-0.00198791515270375
0.00460061463958982
-0.000965156480397196
0.000932243695781702
0.00659847816132147
0.00105886066215521
-0.0012272380907058
0.000252137929328315
0.00320584010360991
0.00346227022045286
-0.00342956852369043
0.00519639572965024
0.00124825651950333
-0.000150768826820254
-0.00978553265661054
-0.00608575769094328
0.000118699055669573
0.000726950981408674
-0.00197787249402782
-0.0078314242009337
0.00691811733692598
0.00707123536207865
-0.000420560610211458
0.00809115669223458
-0.00128619219789595
0.00464868016774105
-0.00776138520513576
-0.00370957032859227
0.00641870015538126
-0.00611637858724402
0.00541327753122078
-0.00638870322470698
-0.00331891085550457
0.0101902192319845
-1.73817529651245e-05
0.00750269713874129
-0.000880103062851141
-0.0102880186188432
0.00692963383303979
0.00330485662671631
0.00097667864420397
0.00190190925735422
-0.0035292696358677
-0.0189090621527195
-0.000963725999079575
-0.000490390060325092
-0.00266063600023259
0.0017471272924982
-0.00756619885941773
-0.00734747951909671
0.00122160852291597
-0.0151002131707392
-0.00050259876222037
0.00207571458143768
-0.00629777382596098
-0.000294309534519539
0.00842531370492194
0.000401871775105305
0.0018576941346593
-0.00668808466902116
0.00464724232221547
-0.00126494940016598
0.00359241353343397
-0.00647487453763496
-0.0032949124887472
-0.00225376649780213
0.0176239924970308
-0.00332456522674735
0.00556243143970247
-0.00538558844158416
-0.00784583544115881
-0.000432099513456581
-0.00636737051318676
-0.0104323856655347
-0.00490757726835284
0.00495146148845715
0.00104711311040539
-0.00475908035617368
-0.00100758260735424
-0.00528529765684422
-0.00244428278311982
-0.0038863382783792
0.00163933056335751
0.00328245606153193
-0.0099294049548781
-0.0114141087352333
-0.00125352305784938
0.00611229548287739
-0.00153873442526948
-0.00168663643134904
-0.0107841808694212
0.00249133057246242
0.00299770395106169
0.00554139689810922
-0.0117356596975467
-0.00362845883517843
0.00779944025493278
-0.00368673644760765
-0.00229625273382007
-0.004374770825332
0.00590274664495982
-0.00340583782850779
0.00161492150870473
0.00675683984118269
0.00189318202778687
-0.00639613627572101
0.00578868090378259
-0.00779942592668065
0.00381760885184717
0.00336320531863737
0.00779273918400802
-0.00445259755409683
0.00122833881847172
0.00231764656824823
-0.0070874271416509
-0.00831710790139412
-0.00578389695336968
0.00347268795156219
-0.0135631878864291
0.00126442915701813
-0.000308832093856411
0.00871395930032869
0.000732047000540963
-0.000306732389389781
-0.00090060617157995
-0.00544453508114524
-0.00427330315875569
-0.00338799108866068
0.00651253685715524
0.0148220904795129
-0.000231420752232654
0.00226892657109384
-0.00531267000916392
-0.000748910478845073
-0.00772319200530009
0.00392800182287522
-0.00849855013600604
-0.0026298624460277
-0.00218550280830027
0.000666787590168409
-0.00241405335844714
-0.00347593871539621
0.000745968685953384
0.0043567504273585
-0.00588392628343965
-0.0114034876014242
-0.0127703235616057
-0.0154445156666171
0.00140758716791702
0.0172602087472267
-0.0212015823196215
-0.00102966625082816
-0.00791867661661281
-0.00766028460281091
-0.0115975399994221
0.00629271468084016
-0.012878921522256
0.00511822913220569
0.0130447502200702
-0.0111073521883773
-0.0112302179486943
0.00692709061875784
-0.00448087386235819
0.01038711115302
-0.00632129937144702
-0.0125117871363881
0.00508547774521319
0.00399978331015451
-0.017184243667241
-0.00849424702664429
-0.00150672357614504
0.0055938492528163
0.00282581126066708
0.00670054689354476
0.00992574061661854
0.000650295343716211
0.00146461942088757
0.00689635911181179
0.000643525083758
0.00145035909725737
-0.0108758062850912
0.000975781216595521
-0.000817894368189971
0.0025221004300463
0.00356945071730368
-0.0115771627564074
0.00588256240587095
0.00455015430912841
0.0176040035963418
-0.00143990485955887
0.00373899395931195
-0.00103861493800318
0.0072888973687474
-0.0019025866537617
-0.0052410885554978
-0.000322842706896177
0.010520532384348
0.00970790707530949
0.013234886916353
-0.00339736352913823
-0.00884359513368161
-0.00218855019385578
0.00248720787926642
0.00356672612675018
0.00254861441718501
0.00777288452059282
-0.00323500784353587
0.00582504148130147
-0.00322631491518711
0.00336395845146064
0.0111732512339614
-0.0012193914698554
-0.00175148731953901
-0.00069116900605188
0.005742760308927
-0.00917998400979409
-0.00903296540056137
-0.0175999430402608
0.000619238568628187
0.00155521990459397
0.00303107860267406
0.00146981315245891
-0.00350618614287238
-0.00987015164935402
-0.00063504452202718
-0.00743164424531768
7.43904170433727e-05
0.00623844358670871
0.00149024284766999
-0.00110728721771517
-0.00166023316974102
0.00933503320221631
0.00132107344218834
0.00116327753201322
0.00302768558782523
-0.0102333897369521
-0.00377901623436828
0.00133246507215331
0.000701974848228114
0.0058705417231109
0.00373632975298082
0.0106748453696429
0.00674439499966206
-0.00146149400507451
0.000987212627977401
0.00342806961113001
0.0183425522642918
-0.0031568482307105
0.00657377491163185
0.00475051146876476
-0.00134639328471565
0.0110717764190795
0.00263051268511149
0.00561466502284429
-0.00161530344596906
0.00537334711648795
0.00541589752029158
0.00810963273451586
-0.00697977702003622
0.00437464643276213
-0.00750256693174407
0.00891158998800633
0.0101087075458579
-0.000935554498228692
-0.0138775108466112
-0.0027503765664137
6.01114302753934e-05
0.0110362042485442
-0.00595182630038372
0.0068530820896564
-0.00860157907415227
-0.00795000592481588
0.0038203715608614
-8.41887142752974e-05
0.00488288768950173
0.00650043284350265
-0.00036957684406614
0.0161947467529139
-0.0113805528370005
-0.0120124755693651
0.00192571792746076
-0.0127128970531641
-0.00518066862075951
0.000718408826163357
-0.00630288673731678
-0.00111216442709251
-0.00975465864400749
0.0121542418327744
0.0018923135213501
-0.0020606909499007
-0.0112105607265849
-0.0117854587990354
-0.00143452650385657
-0.00731694833923797
-0.00607563661725392
-0.0114062190835026
0.00887692513240462
0.00296111245914359
0.00680951685625641
0.00247933527122484
0.00614636103636079
-0.012357052920874
0.000975855301093336
0.00218355736303071
0.00165094053550451
0.0124993044183995
-0.00568226267323008
-0.00925787512604388
0.00157631434671007
-0.00864257775752459
0.000524130063513477
-0.00335826176500276
-0.00375167448763981
0.00259134703307261
0.00273647258028525
0.00439722853093954
-0.00456560595949013
0.0108184026239401
0.00607152474072247
-0.00113248532843336
0.00536989481226607
-0.0157036396978644
-0.00936041094839313
-0.0100643114709992
-0.00456919468580436
0.0033973048800136
0.00184474981060211
0.017186605843667
0.0112162178125024
-0.00293490332298852
0.00441323285337108
0.00996165980584645
-0.00260476236695462
0.00354638616237479
0.00360694200833738
0.00175628002036059
0.00614818838983227
0.00247083694842148
-0.000521729740726125
-0.00139796162055945
0.00450648499432365
0.00339937675062817
-0.00429502693850754
-0.00841269974277837
-0.00582287426910245
0.00594790254939764
0.000795512244149692
-0.003240038825303
-0.00598217101358479
-0.00631473846491133
0.00511062816282864
-8.41887142752974e-05
0.00360994182586682
0.00484464754115887
0.00292002677108637
-0.000157354984657305
0.00458769364267602
0.0029699148813046
-0.000883171869181749
0.00513397068382947
-0.000734971484269715
-0.00124218261945975
0.00288049041585813
0.0076117531788844
0.0049899690371492
-0.00939457610007145
0.00207206885947708
-0.0080856731056308
-0.00327375285361309
0.0125417861639348
-0.00468321952814017
0.0047299035721558
0.00370762409217306
0.00887300488974146
0.00443495469207982
0.00111278379265794
-0.00537576630660448
-0.000650279870066335
-0.00100477087042689
-0.00598181478990068
0.00233591354172401
0.00162059931048702
0.00818528626507591
-0.00474061027857598
0.00689233794391497
-0.00529436736667405
0.00933062122015537
-0.00127370709964553
0.00814344102047892
0.00220469732056066
0.00240681727903574
0.00150404488271149
-0.00645231433940908
0.00331257722892036
-0.0122688477306426
0.00180544336985494
0.0146990211361138
0.00465825118549334
0.00217600881651852
0.00339882658764867
0.00846925424232103
0.00436715740966186
-0.00163316703523182
-0.00393333416287617
0.00679332474073845
-0.00466393809824728
-0.0214392557396146
-0.00728194973581526
-0.00279676210420222
-0.000153838723009676
-0.0143952011081303
0.00884915244546113
-0.00972434358735087
0.0018936320900954
0.00385975611202127
0.00258322828215812
-0.00204896374812997
-0.0154435167394401
0.00482528075042037
-0.00150474439033871
0.00692791637118095
0.00673889547065564
0.000406402457914894
0.00780223245158228
0.00151342215586852
0.00351842014268832
0.00185031513621841
0.00734260927881358
0.00374513762809147
-0.00309170977823054
0.0003264608021381
-0.008881496310167
-0.00923820547952953
0.00644315895247421
-0.0109402452277416
-0.0144607576815337
0.0127518715805647
-0.00253989947301948
0.0095635371248186
0.00158421626084809
-0.0130173620997128
0.000478557502038839
-0.00113959778321877
0.00385033473420326
0.011350084925258
0.00185500435826646
0.00233452640013209
0.000743740131141084
-0.00277746750814895
-0.0100220723729371
-0.00505531745317401
-0.000435201389436875
-0.0132301833894122
-0.00586352055790852
0.00690386025899253
0.00904054303119588
-0.00403508986037888
-0.00724962677186648
0.00807043899509129
0.00322952391009112
0.000971071857110754
0.0117287610124352
-0.000848847609411347
0.00622410574867981
-0.00181327584147584
-0.0130433333567806
-8.41887142752974e-05
0.0107267273899404
-0.0172264661020517
0.00904829484899716
-0.0050615904165825
-0.00529840571396673
0.00484887273425649
0.00286400940600744
0.0069005431816293
-0.0157982967044946
0.00745291596202157
0.00404761449566309
0.00347366498120482
0.00803043083755311
-0.00757226363911218
0.00102870004216626
0.00186039138317928
0.00330975393751903
-0.00209145708160902
-0.000707954198685585
-0.00161058878861631
0.00580042101856425
-0.00596879844711485
0.00324314001749087
-0.01156856758998
-0.00218650203237642
-0.00917484009218007
-0.00199738681778189
-0.00456260387653063
0.00048561187094192
-0.0163797289459287
-0.0118049212966683
-0.000890020046112945
0.00605304104089077
0.00471163503950622
-0.00262456387832716
-0.00877005770848955
0.00496134134896447
-0.00549632801284173
-0.0139671468836174
-0.0014235742854436
0.00511448619496235
0.0057506075579986
0.00373794015777295
-0.00125867317725842
-0.0083444318610928
-0.0132040190955907
-0.0110998425815365
0.0116815401956535
-0.00519582880023346
0.012274130576098
0.0116819587941628
0.000945223141335321
0.0115332290531758
-0.00292127642092522
0.00572682495021747
-0.00233195096291567
-0.00736966462259548
0.010968861568048
-0.00160400083963808
-0.00073624452437377
0.00411050898188713
0.00438042588830367
0.000562246934021397
0.00785434752299945
0.00856896124306866
-0.0113765213440608
-0.0271598255823797
0.013183246021255
-0.00269458828229475
-8.41887142752974e-05
-0.00233750604058564
0.00325762333145934
-0.0113895131649016
-0.00133194108724966
0.00240976108567519
0.000574934675510612
-0.00942558281656792
-0.00363764226092301
-0.000380880601928597
0.0070122337334888
-0.00881399188007404
0.00562100958586281
-0.0110790249767791
-0.00113052662737651
-0.0109105481246917
0.00887098269460922
-0.000983604154910063
0.0060457549779283
0.00541563934443211
0.00132306256414293
-0.00520422364432317
-0.00366147677419105
-0.00135421988868451
0.00237969426586265
-0.00202492232333957
-0.0100711311162991
-0.00538081126644564
-0.0144498365440048
0.00191488930038557
0.00336633803862862
-0.00199967794110407
0.00259647003492718
-0.00161511369178741
-0.000620566643689875
0.000681977428015283
0.000834436474721916
0.000298322861363602
-0.0143354794821706
0.00378758319689809
-0.0003933794100986
0.00600469672052444
-0.00516855372306969
-0.00908347365411458
-0.00445782892572253
-0.00384830859150096
0.00618149594465252
-0.00713585156347275
0.00133012754253588
0.00266015769782237
-0.00810309960848408
0.00942136225655981
0.00311631360785466
0.00613135456542501
-0.000781511796806862
0.00878966865999813
-0.00116028412941583
-0.00478645214838381
0.0154794328324949
-8.41887142752974e-05
-0.00275034912051143
0.00493750638545559
-0.000160087162188634
-0.00625117312280172
0.00494362716399632
-0.00909119564043587
0.00534499686400119
0.0121189414601708
0.000969948872985287
-0.00756241218152132
0.00483205610801207
-0.00651799965222733
-0.00594841480342429
-0.00852176274193251
0.0134579638424515
0.0080142472210854
-0.00340645090625314
0.000520680501202568
0.00519286838656857
0.00830160466199863
-0.00187523396917722
0.00483348754005857
-0.00090212384557365
-0.00987682910753824
-0.00724619301745828
0.000142765933595239
-0.0051651536511741
-0.00259627468497376
0.00917162427243606
-0.00394300635014695
-0.00555740648216475
-0.00482136138726697
0.000298674340288512
-0.000467051768839106
0.00442428184222498
0.00250471092709636
0.0035593556231811
0.00195948606885787
-0.00447946708443176
0.00559570841417244
0.00248010864079844
0.00420008256131792
0.000215773792660905
-0.00496976346638951
0.00622498047898939
-0.00285832357678979
-0.000384556667273335
-0.0131621995044947
